twa = [0; 1; 2; 3; 4; 5; 6; 7; 8; 9; 10; 11; 12; 13; 14; 15; 16; 17; 18; 19; 20; 21; 22; 23; 24; 25; 26; 27; 28; 29; 30; 31; 32; 33; 34; 35; 36; 37; 38; 39; 40; 41; 42; 43; 44; 45; 46; 47; 48; 49; 50; 51; 52; 53; 54; 55; 56; 57; 58; 59; 60; 61; 62; 63; 64; 65; 66; 67; 68; 69; 70; 71; 72; 73; 74; 75; 76; 77; 78; 79; 80; 81; 82; 83; 84; 85; 86; 87; 88; 89; 90; 91; 92; 93; 94; 95; 96; 97; 98; 99; 100; 101; 102; 103; 104; 105; 106; 107; 108; 109; 110; 111; 112; 113; 114; 115; 116; 117; 118; 119; 120; 121; 122; 123; 124; 125; 126; 127; 128; 129; 130; 131; 132; 133; 134; 135; 136; 137; 138; 139; 140; 141; 142; 143; 144; 145; 146; 147; 148; 149; 150; 151; 152; 153; 154; 155; 156; 157; 158; 159; 160; 161; 162; 163; 164; 165; 166; 167; 168; 169; 170; 171; 172; 173; 174; 175; 176; 177; 178; 179 ];
tws = [ "0";  "5";  "10";  "15";  "20";  "25";  "30";  "35";  "40";  "45";  "50";  "55" ];
twa = twa';
twa = twa.*pi/180;
twa = [twa; 2*pi.-flipud(twa)];
stw = [0 0 0.1 0.1 0.2 0.2 0.2 0.2 0 0 0 0 ;
0 0 0.1 0.1 0.2 0.2 0.2 0.2 0 0 0 0 ;
0 0.1 0.3 0.3 0.4 0.4 0.4 0.4 0 0 0 0 ;
0 0.2 0.5 0.6 0.6 0.6 0.6 0.6 0 0 0 0 ;
0 0.3 0.7 0.7 0.8 0.8 0.8 0.8 0 0 0 0 ;
0 0.5 0.9 1 1.1 1.1 1.1 1.1 0 0 0 0 ;
0 0.5 1 1.2 1.3 1.3 1.3 1.3 0.1 0.1 0 0 ;
0 0.7 1.2 1.4 1.5 1.5 1.5 1.5 0.2 0.1 0 0 ;
0 0.7 1.4 1.6 1.7 1.7 1.7 1.7 0.3 0.1 0 0 ;
0 0.9 1.6 1.8 1.9 1.9 1.9 1.9 0.4 0.1 0 0 ;
0 1 1.8 2 2.1 2.2 2.2 2.2 0.5 0.1 0 0 ;
0 1.1 1.9 2.2 2.3 2.4 2.4 2.4 0.6 0.2 0 0 ;
0 1.1 2.1 2.4 2.5 2.6 2.6 2.6 0.7 0.3 0 0 ;
0 1.3 2.3 2.6 2.7 2.8 2.8 2.8 0.9 0.3 0 0 ;
0 1.4 2.5 2.8 2.9 3 3 3 1 0.4 0 0 ;
0 1.5 2.7 3 3.1 3.3 3.3 3.3 1.1 0.5 0 0 ;
0 1.5 2.7 3.1 3.2 3.3 3.4 3.3 1.3 0.5 0 0 ;
0 1.5 2.8 3.2 3.3 3.4 3.5 3.4 1.4 0.5 0 0 ;
0 1.6 2.9 3.3 3.4 3.5 3.6 3.5 1.5 0.6 0 0 ;
0 1.7 3 3.4 3.5 3.6 3.7 3.6 1.5 0.6 0 0 ;
0 1.7 3.1 3.5 3.6 3.7 3.8 3.7 1.7 0.7 0 0 ;
0 1.8 3.2 3.6 3.7 3.8 3.9 3.8 1.8 0.7 0 0 ;
0 1.8 3.3 3.8 3.8 3.9 4 3.9 2 0.8 0 0 ;
0 1.9 3.4 3.9 4 4.1 4.2 4.1 2.2 0.9 0 0 ;
0 2 3.5 4 4.1 4.2 4.3 4.2 2.4 1 0 0 ;
0 2.1 3.7 4.2 4.2 4.4 4.5 4.4 2.6 1.1 0 0 ;
0 2.3 4 4.6 4.7 4.8 4.9 4.8 3 1.2 0 0 ;
0 2.5 4.4 5 5.1 5.2 5.3 5.2 3.4 1.4 0 0 ;
0 2.7 4.7 5.4 5.5 5.6 5.7 5.6 3.8 1.5 0 0 ;
0 2.8 5.1 5.7 5.9 6.1 6.2 6.1 4.3 1.7 0 0 ;
0 3.1 5.4 6.2 6.3 6.5 6.6 6.5 4.7 1.8 0 0 ;
0 3.3 5.8 6.6 6.7 6.9 7 6.9 5.1 2 0 0 ;
0 3.5 6.2 7 7.2 7.4 7.5 7.4 5.6 2.2 0 0 ;
0 3.6 6.3 7 7.3 7.5 7.6 7.5 5.8 2.3 0 0 ;
0 3.7 6.4 7.1 7.4 7.6 7.7 7.6 6 2.3 0 0 ;
0 3.8 6.5 7.2 7.5 7.7 7.8 7.7 6.2 2.5 0 0 ;
0 3.9 6.7 7.3 7.6 7.8 7.9 7.9 6.5 2.6 0 0 ;
0 4 6.7 7.3 7.6 7.8 7.9 8 6.7 2.6 0 0 ;
0 4.1 6.8 7.4 7.7 7.9 8 8 6.9 2.7 0 0 ;
0 4.2 6.9 7.5 7.8 8 8.1 8.2 7.1 2.8 0 0 ;
0 4.2 7 7.6 7.9 8 8.2 8.3 7.4 2.8 0 0 ;
0 4.3 7 7.6 7.9 8.1 8.2 8.3 7.5 2.9 0 0 ;
0 4.4 7.1 7.7 8 8.2 8.3 8.4 7.7 2.9 0 0 ;
0 4.5 7.1 7.7 8 8.2 8.3 8.4 7.8 2.9 0 0 ;
0 4.6 7.2 7.8 8.1 8.3 8.4 8.5 8 2.9 0 0 ;
0 4.7 7.3 7.9 8.2 8.4 8.5 8.5 8.2 3 0 0 ;
0 4.7 7.3 7.9 8.2 8.4 8.5 8.6 8.3 3 0 0 ;
0 4.8 7.4 8 8.3 8.5 8.6 8.7 8.4 3 0 0 ;
0 4.8 7.4 8 8.3 8.6 8.7 8.8 8.5 3 0 0 ;
0 4.9 7.5 8 8.4 8.6 8.7 8.8 8.5 3.1 0 0 ;
0 4.9 7.5 8.1 8.4 8.7 8.8 8.9 8.7 3.1 0 0 ;
0 5 7.6 8.2 8.5 8.8 8.9 9 8.8 3.1 0 0 ;
0 5.1 7.7 8.2 8.5 8.9 9 9 8.9 3.1 0 0 ;
0 5.1 7.7 8.2 8.6 8.9 9 9.1 8.9 3.2 0 0 ;
0 5.1 7.7 8.3 8.7 9 9.1 9.2 9 3.3 0 0 ;
0 5.2 7.8 8.3 8.7 9 9.1 9.2 9.1 3.4 0 0 ;
0 5.2 7.8 8.4 8.8 9 9.2 9.3 9.2 3.5 0 0 ;
0 5.3 7.8 8.4 8.8 9.1 9.3 9.4 9.3 3.5 0 0 ;
0 5.3 7.9 8.5 8.9 9.2 9.3 9.4 9.4 3.6 0 0 ;
0 5.4 7.9 8.5 8.9 9.2 9.4 9.5 9.5 3.7 0 0 ;
0 5.4 8 8.5 9 9.3 9.5 9.5 9.5 3.8 0 0 ;
0 5.4 8 8.6 9 9.3 9.5 9.6 9.6 3.8 0 0 ;
0 5.5 8 8.6 9 9.4 9.6 9.7 9.7 3.8 0 0 ;
0 5.5 8 8.7 9.1 9.4 9.6 9.8 9.8 3.9 0 0 ;
0 5.5 8 8.7 9.2 9.5 9.7 9.9 9.9 3.9 0 0 ;
0 5.5 8 8.8 9.2 9.5 9.8 10 10 4 0 0 ;
0 5.6 8.1 8.8 9.3 9.5 9.8 10 10 4 0 0 ;
0 5.6 8.1 8.8 9.3 9.6 9.9 10.1 10.1 4 0 0 ;
0 5.6 8.1 8.9 9.4 9.7 9.9 10.2 10.2 4.1 0 0 ;
0 5.6 8.1 8.9 9.4 9.7 10 10.3 10.3 4.1 0 0 ;
0 5.7 8.2 9 9.5 9.8 10 10.4 10.4 4.2 0 0 ;
0 5.7 8.2 9 9.5 9.8 10.1 10.4 10.4 4.2 0 0 ;
0 5.7 8.2 9 9.5 9.9 10.2 10.5 10.5 4.2 0 0 ;
0 5.7 8.2 9 9.6 9.9 10.3 10.6 10.6 4.2 0 0 ;
0 5.7 8.2 9.1 9.6 10 10.4 10.7 10.7 4.3 0 0 ;
0 5.8 8.2 9.1 9.7 10 10.5 10.8 10.8 4.3 0 0 ;
0 5.8 8.2 9.1 9.7 10.1 10.5 10.9 10.9 4.3 0 0 ;
0 5.8 8.2 9.2 9.7 10.2 10.6 11 11 4.4 0 0 ;
0 5.9 8.2 9.2 9.8 10.2 10.7 11.1 11.1 4.4 0 0 ;
0 5.9 8.2 9.2 9.8 10.3 10.8 11.2 11.2 4.4 0 0 ;
0 5.9 8.3 9.3 9.9 10.4 10.9 11.3 11.3 4.5 0 0 ;
0 5.9 8.3 9.3 9.9 10.4 10.9 11.4 11.4 4.6 0 0 ;
0 6 8.3 9.3 10 10.5 11 11.5 11.5 4.7 0 0 ;
0 6 8.3 9.3 10 10.6 11.1 11.6 11.6 4.8 0 0 ;
0 6 8.4 9.3 10 10.6 11.2 11.7 11.7 4.9 0 0 ;
0 6 8.4 9.4 10.1 10.7 11.3 11.9 11.9 5 0 0 ;
0 6.1 8.4 9.4 10.2 10.8 11.4 12 12 5.1 0 0 ;
0 6.1 8.5 9.4 10.2 10.8 11.5 12.1 12.1 5.2 0 0 ;
0 6.1 8.5 9.4 10.3 10.9 11.6 12.2 12.2 5.3 0 0 ;
0 6.1 8.5 9.4 10.3 11 11.7 12.3 12.3 5.4 0 0 ;
0 6.2 8.5 9.5 10.4 11 11.8 12.5 12.5 5.6 0 0 ;
0 6.2 8.6 9.5 10.4 11.1 11.9 12.6 12.6 5.7 0 0 ;
0 6.2 8.6 9.5 10.5 11.2 12 12.8 12.8 5.9 0 0 ;
0 6.2 8.6 9.5 10.5 11.3 12 12.9 12.9 6 0 0 ;
0 6.2 8.6 9.5 10.5 11.4 12.2 13.1 13.1 6.2 0 0 ;
0 6.2 8.7 9.5 10.6 11.5 12.3 13.3 13.3 6.3 0 0 ;
0 6.2 8.7 9.6 10.7 11.5 12.4 13.4 13.4 6.5 0 0 ;
0 6.2 8.7 9.6 10.7 11.6 12.5 13.6 13.6 6.6 0 0 ;
0 6.2 8.7 9.6 10.8 11.7 12.5 13.7 13.7 6.8 0 0 ;
0 6.2 8.7 9.6 10.8 11.8 12.7 13.9 13.9 6.9 0 0 ;
0 6.2 8.8 9.7 10.9 11.9 12.7 14.1 14.1 7.1 0 0 ;
0 6.2 8.8 9.7 10.9 11.9 12.9 14.1 14.1 7.2 0 0 ;
0 6.2 8.8 9.7 10.9 12 13.1 14.2 14.2 7.3 0 0 ;
0 6.2 8.8 9.8 10.9 12.1 13.2 14.3 14.3 7.4 0 0 ;
0 6.2 8.8 9.8 11 12.2 13.4 14.4 14.4 7.5 0 0 ;
0 6.2 8.8 9.8 11 12.3 13.5 14.5 14.5 7.7 0 0 ;
0 6.1 8.8 9.9 11 12.3 13.7 14.6 14.6 7.8 0 0 ;
0 6.1 8.8 9.9 11.1 12.4 13.8 14.7 14.7 7.9 0 0 ;
0 6.1 8.8 9.9 11.1 12.5 14 14.8 14.8 8 0 0 ;
0 6.1 8.8 10 11.1 12.6 14.1 14.9 14.9 8.1 0 0 ;
0 6.1 8.8 10 11.2 12.7 14.3 15 15 8.3 0 0 ;
0 6.1 8.7 10 11.2 12.7 14.3 15 15 8.4 0 0 ;
0 6.1 8.7 10 11.3 12.7 14.4 15.1 15.1 8.5 0 0 ;
0 6 8.7 10.1 11.3 12.8 14.4 15.2 15.2 8.6 0 0 ;
0 6 8.7 10.1 11.4 12.9 14.5 15.2 15.2 8.7 0 0 ;
0 6 8.7 10.1 11.5 12.9 14.6 15.3 15.3 8.8 0 0 ;
0 6 8.6 10.2 11.5 13 14.6 15.4 15.4 8.9 0 0 ;
0 5.9 8.6 10.2 11.6 13 14.7 15.4 15.4 9 0 0 ;
0 5.9 8.6 10.2 11.6 13.1 14.7 15.5 15.5 9.1 0 0 ;
0 5.9 8.6 10.2 11.7 13.1 14.8 15.6 15.6 9.2 0 0 ;
0 5.9 8.5 10.3 11.8 13.2 14.9 15.7 15.7 9.4 0 0 ;
0 5.8 8.5 10.2 11.8 13.3 14.9 15.7 15.7 9.5 0 0 ;
0 5.7 8.5 10.2 11.9 13.4 15 15.8 15.8 9.6 0 0 ;
0 5.7 8.5 10.2 11.9 13.5 15.1 15.9 15.9 9.8 0 0 ;
0 5.7 8.4 10.2 12 13.6 15.1 16 16 9.9 0 0 ;
0 5.6 8.4 10.2 12 13.8 15.2 16.1 16.1 10 0 0 ;
0 5.6 8.4 10.2 12 13.9 15.3 16.2 16.2 10.2 0 0 ;
0 5.5 8.3 10.2 12.1 14 15.3 16.3 16.3 10.3 0 0 ;
0 5.5 8.3 10.2 12.2 14.1 15.4 16.4 16.4 10.5 0 0 ;
0 5.4 8.3 10.2 12.2 14.2 15.5 16.5 16.5 10.6 0 0 ;
0 5.4 8.3 10.2 12.3 14.4 15.6 16.6 16.6 10.8 0 0 ;
0 5.3 8.2 10.1 12.2 14.4 15.6 16.6 16.6 11 0 0 ;
0 5.2 8.2 10 12.2 14.5 15.7 16.8 16.8 11.2 0 0 ;
0 5.1 8.1 10 12.2 14.5 15.8 16.9 16.9 11.5 0 0 ;
0 5.1 8 9.9 12.2 14.6 15.8 17 17 11.7 0 0 ;
0 5 8 9.9 12.2 14.7 15.9 17.1 17.1 12 0 0 ;
0 4.9 8 9.8 12.2 14.7 16 17.1 17.1 12.2 0 0 ;
0 4.9 7.9 9.7 12.2 14.8 16 17.3 17.3 12.4 0 0 ;
0 4.8 7.9 9.7 12.2 14.8 16.1 17.4 17.4 12.7 0 0 ;
0 4.7 7.8 9.6 12.2 14.9 16.2 17.5 17.5 12.9 0 0 ;
0 4.7 7.8 9.5 12.2 15 16.3 17.6 17.6 13.2 0 0 ;
0 4.6 7.7 9.5 12 14.9 16.3 17.6 17.6 13.3 0 0 ;
0 4.5 7.6 9.4 11.9 14.8 16.4 17.8 17.8 13.5 0 0 ;
0 4.4 7.5 9.4 11.8 14.8 16.4 17.9 17.9 13.7 0 0 ;
0 4.4 7.5 9.3 11.6 14.7 16.5 18 18 13.8 0 0 ;
0 4.3 7.4 9.2 11.5 14.7 16.5 18.1 18.1 14 0 0 ;
0 4.2 7.3 9.2 11.4 14.6 16.6 18.1 18.1 14.2 0 0 ;
0 4.2 7.3 9.1 11.2 14.5 16.6 18.3 18.3 14.3 0 0 ;
0 4.1 7.2 9 11.1 14.5 16.6 18.4 18.4 14.5 0 0 ;
0 4 7.1 9 11 14.4 16.7 18.5 18.5 14.7 0 0 ;
0 4 7.1 8.9 10.9 14.4 16.8 18.6 18.6 14.9 0 0 ;
0 3.9 7 8.8 10.8 14.2 16.6 18.5 18.5 14.9 0 0 ;
0 3.8 6.9 8.8 10.7 14 16.5 18.4 18.4 14.9 0 0 ;
0 3.8 6.8 8.7 10.6 13.8 16.3 18.3 18.3 14.9 0 0 ;
0 3.7 6.8 8.7 10.5 13.6 16.2 18.3 18.3 15 0 0 ;
0 3.7 6.7 8.6 10.4 13.4 16.1 18.2 18.2 15 0 0 ;
0 3.6 6.6 8.5 10.3 13.2 15.9 18.1 18.1 15 0 0 ;
0 3.5 6.6 8.5 10.2 13 15.8 18.1 18.1 15.1 0 0 ;
0 3.5 6.5 8.4 10.1 12.7 15.6 18 18 15.1 0 0 ;
0 3.4 6.4 8.4 10 12.5 15.5 17.9 17.9 15.1 0 0 ;
0 3.4 6.3 8.3 10 12.4 15.4 17.9 17.9 15.2 0 0 ;
0 3.3 6.3 8.3 9.9 12.3 15.2 17.7 17.7 15.2 0 0 ;
0 3.3 6.2 8.2 9.8 12.2 15.1 17.6 17.6 15.3 0 0 ;
0 3.2 6.2 8.2 9.8 12 15 17.5 17.5 15.3 0 0 ;
0 3.2 6.2 8.1 9.7 12 14.9 17.3 17.3 15.4 0 0 ;
0 3.1 6.1 8.1 9.7 11.9 14.8 17.2 17.2 15.5 0 0 ;
0 3.1 6.1 8 9.6 11.8 14.7 17.1 17.1 15.5 0 0 ;
0 3.1 6 8 9.5 11.7 14.6 16.9 16.9 15.6 0 0 ;
0 3 6 7.9 9.5 11.5 14.5 16.8 16.8 15.6 0 0 ;
0 3 5.9 7.9 9.4 11.5 14.4 16.7 16.7 15.7 0 0 ;
0 3 5.9 7.9 9.4 11.4 14.3 16.6 16.6 15.8 0 0 ;
0 2.9 5.8 7.8 9.3 11.3 14.1 16.4 16.4 15.7 0 0 ;
0 2.9 5.8 7.8 9.3 11.2 14 16.3 16.3 15.7 0 0 ;
0 2.9 5.7 7.7 9.2 11.1 13.8 16.2 16.2 15.6 0 0 ;
0 2.8 5.7 7.7 9.2 11 13.7 16.1 16.1 15.6 0 0 ;
0 2.8 5.7 7.7 9.2 11 13.5 16 16 15.6 0 0 ;
0 2.8 5.6 7.6 9.1 10.9 13.4 15.8 15.8 15.5 0 0 ;
0 2.8 5.6 7.6 9.1 10.8 13.2 15.7 15.7 15.5 0 0 ;
0 2.8 5.5 7.6 9 10.7 13.1 15.6 15.6 15.4 0 0 ;
0 2.7 5.5 7.5 9 10.6 12.9 15.5 15.5 15.4 0 0 
];
stw = [ stw; flipud(stw)];
polar(twa,stw);
legend(tws);
set (gca, "rtick", 2.0:2.0:20, "ttick", 0:10:350);
view(-90,90);
title("Pogot 1250 polar");